0	12	1
0	16	1
0	22	1
0	32	1
0	36	1
0	103	1
0	104	1
0	111	1
0	130	1
0	139	1
0	187	1
0	194	1
0	205	1
1	34	1
1	87	1
1	170	0
1	229	0
1	317	0
2	38	1
2	69	1
2	189	0
3	4	1
3	12	1
3	35	1
3	41	1
3	72	1
3	149	0
4	3	1
4	12	1
4	35	1
4	41	1
4	66	0
4	203	0
4	280	0
5	53	0
6	27	1
6	111	1
6	136	0
8	72	1
9	10	1
9	34	1
9	78	1
10	9	1
10	34	1
10	36	1
10	58	0
10	81	1
11	12	1
11	25	1
11	30	1
11	68	1
11	107	0
11	115	1
11	116	1
11	175	1
12	0	1
12	3	1
12	4	1
12	11	1
12	22	1
12	25	1
12	30	1
12	33	1
12	36	1
12	41	1
12	61	0
12	68	1
12	72	1
12	115	1
12	146	0
12	148	0
12	175	1
12	181	0
12	203	0
12	205	1
12	234	0
12	246	0
12	263	0
12	281	0
12	315	0
13	19	1
13	20	1
13	21	1
13	58	0
13	102	1
13	128	1
13	129	0
14	52	1
14	111	1
14	120	1
15	32	1
15	53	1
15	109	0
15	110	1
15	132	1
15	165	1
15	180	0
15	194	1
15	225	1
15	287	0
16	0	1
16	32	1
16	111	1
16	139	1
16	143	0
16	165	1
16	194	1
18	34	0
18	311	0
19	13	1
19	20	1
19	22	1
19	44	1
19	59	1
19	86	1
19	102	1
19	165	1
20	13	1
20	19	1
20	21	1
20	46	0
20	59	1
20	102	1
20	127	1
20	128	1
21	13	1
21	20	1
21	59	1
21	127	1
21	128	1
22	0	1
22	12	1
22	19	1
23	65	0
23	72	1
24	72	1
24	138	1
24	208	0
25	11	1
25	12	1
25	30	1
25	33	1
25	68	1
25	111	1
25	115	1
25	116	1
25	135	1
25	160	0
25	160	0
25	175	1
25	191	1
26	36	1
27	6	1
27	72	1
28	29	1
28	228	0
29	28	1
30	11	1
30	12	1
30	25	1
30	115	1
30	137	0
30	259	0
31	265	0
32	0	1
32	15	1
32	16	1
32	71	0
32	194	1
33	12	1
33	25	1
33	115	1
33	116	1
33	191	1
33	226	0
33	238	0
34	1	1
34	9	1
34	10	1
34	18	0
34	49	0
34	75	0
34	78	1
34	88	0
34	97	0
34	112	0
34	113	0
34	138	1
34	139	1
34	153	0
34	164	0
34	166	0
34	238	0
34	238	0
34	242	0
34	244	0
34	273	0
34	294	0
34	306	0
35	3	1
35	4	1
35	41	1
35	144	0
36	0	1
36	10	1
36	12	1
36	26	1
36	72	1
36	77	1
36	78	1
36	81	1
38	2	1
38	69	1
38	72	1
38	78	1
38	79	1
38	108	0
38	272	0
38	324	0
39	78	1
40	44	1
40	111	1
40	157	0
40	254	0
41	3	1
41	4	1
41	12	1
41	35	1
42	111	1
44	19	1
44	40	1
46	20	0
46	69	0
47	278	0
48	266	0
49	34	0
51	138	0
52	14	1
52	105	1
52	111	1
52	216	0
53	5	0
53	15	1
53	173	0
53	225	1
54	111	1
56	57	1
56	268	0
57	56	1
58	10	0
58	13	0
58	195	0
59	19	1
59	20	1
59	21	1
59	99	0
59	102	1
59	127	1
59	128	1
59	174	0
60	64	1
60	103	1
60	145	0
60	203	0
60	263	0
60	285	0
61	12	0
61	78	0
62	72	1
63	183	0
64	60	1
64	103	1
64	308	0
65	23	0
65	78	0
66	4	0
67	296	0
68	11	1
68	12	1
68	25	1
68	115	1
68	175	1
68	178	0
68	191	1
69	2	1
69	38	1
69	46	0
69	72	1
70	104	1
70	130	1
70	187	1
71	32	0
72	3	1
72	8	1
72	12	1
72	23	1
72	24	1
72	27	1
72	36	1
72	38	1
72	62	1
72	69	1
72	83	1
72	114	0
72	138	1
72	157	0
72	159	0
72	207	0
72	331	0
73	270	0
75	34	0
77	36	1
78	9	1
78	34	1
78	36	1
78	38	1
78	39	1
78	61	0
78	65	0
78	138	1
78	197	0
78	211	0
78	213	0
78	230	0
78	240	0
78	295	0
78	312	0
78	328	0
79	38	1
79	204	0
79	232	0
79	241	0
79	312	0
79	323	0
81	10	1
81	36	1
81	138	1
81	200	0
81	258	0
81	302	0
81	327	0
82	111	1
82	135	1
82	251	0
83	72	1
85	165	1
86	19	1
87	1	1
88	34	0
89	116	0
92	116	0
92	138	0
94	151	0
95	168	0
96	261	0
97	34	0
99	59	0
100	266	0
101	111	0
102	13	1
102	19	1
102	20	1
102	59	1
102	127	1
103	0	1
103	60	1
103	64	1
103	232	0
104	0	1
104	70	1
104	130	1
104	187	1
105	52	1
105	111	1
105	120	1
107	11	0
108	38	0
109	15	0
110	15	1
110	132	1
111	0	1
111	6	1
111	14	1
111	16	1
111	25	1
111	40	1
111	42	1
111	52	1
111	54	1
111	82	1
111	101	0
111	105	1
111	165	1
112	34	0
112	205	0
113	34	0
114	72	0
115	11	1
115	12	1
115	25	1
115	30	1
115	33	1
115	68	1
115	116	1
115	125	0
115	147	0
115	175	1
116	11	1
116	25	1
116	33	1
116	89	0
116	92	0
116	115	1
116	149	0
116	175	1
116	181	0
116	191	1
116	213	0
118	195	0
119	130	1
119	143	0
120	14	1
120	105	1
121	217	0
122	260	0
124	133	1
125	115	0
126	266	0
127	20	1
127	21	1
127	59	1
127	102	1
127	128	1
127	209	0
128	13	1
128	20	1
128	21	1
128	59	1
128	127	1
129	13	0
130	0	1
130	70	1
130	104	1
130	119	1
130	171	0
132	15	1
132	110	1
133	124	1
133	233	0
135	25	1
135	82	1
135	212	0
135	274	0
135	276	0
136	6	0
137	30	0
138	24	1
138	34	1
138	51	0
138	72	1
138	78	1
138	81	1
138	92	0
139	0	1
139	16	1
139	34	1
139	140	1
139	165	1
140	139	1
140	320	0
141	152	0
143	16	0
143	119	0
144	35	0
145	60	0
146	12	0
147	115	0
148	12	0
149	3	0
149	116	0
151	94	0
152	141	0
153	34	0
155	293	0
156	210	0
157	40	0
157	72	0
158	292	0
159	72	0
160	25	0
160	25	0
163	195	0
163	311	0
164	34	0
165	15	1
165	16	1
165	19	1
165	85	1
165	111	1
165	139	1
165	214	0
166	34	0
168	95	0
170	1	0
171	130	0
173	53	0
174	59	0
175	11	1
175	12	1
175	25	1
175	68	1
175	115	1
175	116	1
175	289	0
178	68	0
179	264	0
180	15	0
181	12	0
181	116	0
183	63	0
184	293	0
187	0	1
187	70	1
187	104	1
188	191	0
189	2	0
191	25	1
191	33	1
191	68	1
191	116	1
191	188	0
193	267	0
194	0	1
194	15	1
194	16	1
194	32	1
195	58	0
195	118	0
195	163	0
197	78	0
198	202	0
198	300	0
200	81	0
202	198	0
203	4	0
203	12	0
203	60	0
203	310	0
204	79	0
205	0	1
205	12	1
205	112	0
207	72	0
208	24	0
209	127	0
210	156	0
211	78	0
212	135	0
213	78	0
213	116	0
213	293	0
214	165	0
216	52	0
217	121	0
225	15	1
225	53	1
226	33	0
227	318	0
228	28	0
229	1	0
230	78	0
231	300	0
232	79	0
232	103	0
232	293	0
233	133	0
234	12	0
237	319	0
238	33	0
238	34	0
238	34	0
240	78	0
241	79	0
242	34	0
244	34	0
246	12	0
247	266	0
250	290	0
251	82	0
254	40	0
255	316	0
258	81	0
259	30	0
260	122	0
261	96	0
263	12	0
263	60	0
264	179	0
265	31	0
266	48	0
266	100	0
266	126	0
266	247	0
266	329	0
267	193	0
268	56	0
270	73	0
272	38	0
273	34	0
274	135	0
276	135	0
278	47	0
280	4	0
281	12	0
284	313	0
285	60	0
287	15	0
289	175	0
290	250	0
291	311	0
292	158	0
293	155	0
293	184	0
293	213	0
293	232	0
294	34	0
295	78	0
296	67	0
300	198	0
300	231	0
302	81	0
306	34	0
308	64	0
310	203	0
311	18	0
311	163	0
311	291	0
312	78	0
312	79	0
313	284	0
315	12	0
316	255	0
317	1	0
318	227	0
319	237	0
320	140	0
323	79	0
324	38	0
327	81	0
328	78	0
329	266	0
331	72	0
